%YAML:1.0
---
model_type: PINHOLE
camera_name: camera
image_width: 1232
image_height: 1028
distortion_parameters:
   k1: -0.13002
   k2: 0.23152
   p1: -0.0004163
   p2: -0.0002357
projection_parameters:
   fx: 1184.4441
   fy: 1184.3420
   cx: 619.1905
   cy: 512.2082
