%YAML:1.0
---
model_type: PINHOLE
camera_name: camera
image_width: 2464 #1232 #616 #1232
image_height: 2056 #1028 #514 #1028
distortion_parameters:
   k1: -0.1927
   k2:  0.1132
   p1: -0.0013
   p2: -0.00068
projection_parameters:
   fx: 2459.2 #1221.9 #611.0 #1221.9
   fy: 2439.4 #1219.7 #610.0 #1219.7
   cx:  1219.14 #609.57 #304.8 #609.57
   cy:  1036.4 #518.20 #259.0 #518.20
